temperature	 b2xc	 b2xcerr	 b2B	 b2Berr	 b2tot	 b2toterr
15.00	 -241.441724728693146	    0.836056958010146	 -243.161484355917111	    0.853319968585539	 -241.871520000000004	    0.513783090000000
16.00	 -219.696967925318432	    0.776762662656134	 -218.804938792651001	    0.761187554218382	 -219.250959999999992	    0.543775610000000
18.00	 -182.818397037176027	    0.615071494118492	 -182.575860518436428	    0.642561328333778	 -182.697080000000000	    0.444754670000000
20.00	 -156.210381085436524	    0.504600150903360	 -156.702900682267767	    0.544707371748693	 -156.333799999999997	    0.313131250000000
22.00	 -134.226029755339795	    0.460808588459675	 -134.458990604747584	    0.443635486438232	 -134.342770000000002	    0.319800200000000
24.00	 -117.992525726963862	    0.404995493367085	 -117.883391376103916	    0.418263163030885	 -117.937759999999997	    0.291140520000000
25.00	 -110.491252375445441	    0.373490020160928	 -111.042628496269515	    0.368991946202142	 -110.630359999999996	    0.227903440000000
26.00	 -104.557956647204179	    0.361418228492801	 -103.596488823535140	    0.357341603475836	 -104.074569999999994	    0.254112010000000
27.00	  -97.979649377360630	    0.332167504255898	  -98.001188953074248	    0.352727611117054	  -97.990489999999994	    0.242356820000000
28.00	  -92.458553540083727	    0.328273047353606	  -92.750225182488350	    0.324154330697581	  -92.605514999999997	    0.230656900000000
29.00	  -87.911152905536653	    0.319551537480322	  -87.563429873199766	    0.316518518591221	  -87.735731999999999	    0.224877090000000
30.00	  -83.207081294776899	    0.302937124769934	  -82.351128246103571	    0.291589690422311	  -82.988606000000004	    0.183685290000000
31.00	  -79.113871069637128	    0.295169563790924	  -79.369143031215799	    0.294487786282670	  -79.243071999999998	    0.208485250000000
32.00	  -75.316195063834073	    0.268482877229652	  -74.810502451599888	    0.281095860131038	  -75.059687999999994	    0.194506000000000
33.00	  -71.303850741209658	    0.263183115825244	  -71.126845551407513	    0.262302853831045	  -71.213832999999994	    0.185804170000000
34.00	  -68.330484647044500	    0.257414556445589	  -68.039849501061383	    0.270281869217892	  -68.182230000000004	    0.186846150000000
35.00	  -64.903227426478793	    0.259385518581291	  -64.630788902429018	    0.261759112387363	  -64.831839000000002	    0.157906360000000
36.00	  -61.751345204606245	    0.238325995140365	  -62.156795197032501	    0.256161890104179	  -61.959721999999999	    0.175360410000000
37.00	  -59.185357893155704	    0.236556772061836	  -58.751194879943000	    0.240343788484827	  -58.961216000000000	    0.168791300000000
38.00	  -57.007029501373900	    0.238251877646063	  -56.940497047301427	    0.239668469387382	  -56.972507000000000	    0.169129320000000
39.00	  -53.736397453738753	    0.233678358494640	  -53.776278987401668	    0.231822992976226	  -53.757207999999999	    0.164680130000000
40.00	  -51.517092248040427	    0.215627187768513	  -51.773565997824448	    0.219820242619251	  -51.587738999999999	    0.130597220000000
42.00	  -47.273215857141643	    0.211877942269436	  -47.297503016665416	    0.210185053258834	  -47.286113000000000	    0.149435550000000
44.00	  -43.391944732182147	    0.203308986661245	  -43.381667503770743	    0.201736274421615	  -43.386423000000001	    0.143521850000000
45.00	  -41.681796022793890	    0.195604745906203	  -41.760844968366250	    0.197000287459321	  -41.704892999999998	    0.117261410000000
46.00	  -40.376450330529309	    0.191176014668655	  -40.078581255834969	    0.186852606101855	  -40.214471000000003	    0.133906790000000
48.00	  -36.668227947787834	    0.183600922419029	  -36.939638471743692	    0.193863627857546	  -36.817618000000003	    0.134906210000000
50.00	  -33.858517858861532	    0.180724605965282	  -33.852365201891949	    0.179830606191601	  -33.856606999999997	    0.107281710000000
55.00	  -27.786492554587017	    0.165941911841309	  -27.899378944883718	    0.174541884540136	  -27.851396000000001	    0.122660790000000
60.00	  -22.994304415818732	    0.156752171036162	  -23.012610572157122	    0.160643770510927	  -23.000760000000000	    0.093231430000000
65.00	  -18.453909646540321	    0.140828621195359	  -18.676276500957556	    0.141491010031090	  -18.590451000000002	    0.102482520000000
70.00	  -15.357014527519734	    0.134903026482530	  -15.165074483300165	    0.132737668777202	  -15.234994000000000	    0.097650603000000
75.00	  -12.344218298774390	    0.127844848951376	  -12.366340951975280	    0.129870872661782	  -12.353927000000001	    0.076991686000000
80.00	   -9.617426672908673	    0.119681092105311	   -9.809656470905127	    0.116439155937817	   -9.749465499999999	    0.088323832000000
85.00	   -7.405841124299550	    0.117847202538903	   -7.541216211038985	    0.113744151355052	   -7.501225500000000	    0.087377887000000
90.00	   -5.549018358985374	    0.111172616515706	   -5.521086263243172	    0.110857172606561	   -5.534404800000000	    0.069318366000000
95.00	   -3.834224224688978	    0.106835649484025	   -3.788898083742357	    0.108400394951440	   -3.800389900000000	    0.085330162000000
98.15	   -2.755618453327642	    0.105556794833074	   -2.662996270945817	    0.105397272195599	   -2.685192900000000	    0.084036825000000
100.00	   -2.276677041634009	    0.098647779420377	   -2.271563601850146	    0.101201838256180	   -2.273667900000000	    0.066220260000000
103.15	   -1.336744757494349	    0.099240712772668	   -1.543531896018275	    0.099139312254421	   -1.497526700000000	    0.080182834000000
113.15	    1.243928264893289	    0.090493868710984	    1.184458257151503	    0.088826624267157	    1.195609200000000	    0.074139027000000
123.15	    2.908061964151661	    0.087408477929884	    3.060570412617452	    0.087301933454348	    3.037667800000000	    0.075343828000000
125.00	    3.456719349435322	    0.086531774362997	    3.441942287571053	    0.084890559545023	    3.445889200000000	    0.064339770000000
138.15	    5.527707082741043	    0.082839525948702	    5.430965677757702	    0.082820219406447	    5.441503000000000	    0.074348797000000
150.00	    6.929466412439191	    0.080204764857139	    6.715440715154608	    0.077310551492481	    6.749088900000000	    0.065764452000000
153.15	    7.368569804420582	    0.076337221784677	    7.320748538519898	    0.075132185456366	    7.324314100000000	    0.069762907000000
173.15	    9.187151197493844	    0.073594223501697	    9.175619438680259	    0.068881767095786	    9.176085199999999	    0.066166409000000
175.00	    9.304423168803984	    0.069237637200027	    9.309607323528867	    0.070826792645422	    9.309216500000000	    0.065591271000000
198.15	   11.012866242021593	    0.065756415888550	   10.959122120889354	    0.063890509779925	   10.960118000000000	    0.062718895000000
200.00	   10.988552655420923	    0.064786253320614	   11.132632541680383	    0.061651059679989	   11.127622000000001	    0.059528168000000
223.15	   12.310233622395838	    0.060889626568478	   12.106989442808072	    0.064781218796696	   12.108382000000001	    0.064338527000000
225.00	   12.212650437982733	    0.059248000400264	   12.335407170085952	    0.062972751280255	   12.333999000000000	    0.062252114000000
248.15	    0.000000000000000	    0.000000000000000	   13.246205936720161	    0.059108529906503	   13.246206000000001	    0.059108530000000
250.00	    0.000000000000000	    0.000000000000000	   13.196311223782258	    0.057289095856634	   13.196311000000000	    0.057289096000000
273.15	    0.000000000000000	    0.000000000000000	   13.776887404735369	    0.054516079747941	   13.776887000000000	    0.054516080000000
273.16	    0.000000000000000	    0.000000000000000	   13.901170942436853	    0.055947791906470	   13.901171000000000	    0.055947792000000
298.15	    0.000000000000000	    0.000000000000000	   14.392938639640686	    0.051255439741411	   14.392939000000000	    0.051255440000000
300.00	    0.000000000000000	    0.000000000000000	   14.447110475759217	    0.056005048752700	   14.447110000000000	    0.056005049000000
323.15	    0.000000000000000	    0.000000000000000	   14.828401222713278	    0.051854262930570	   14.828400999999999	    0.051854263000000
348.15	    0.000000000000000	    0.000000000000000	   15.196929198188617	    0.050921328760716	   15.196929000000001	    0.050921329000000
350.00	    0.000000000000000	    0.000000000000000	   15.186390147400648	    0.048615532894456	   15.186389999999999	    0.048615533000000
373.15	    0.000000000000000	    0.000000000000000	   15.568913625239459	    0.046640345257109	   15.568913999999999	    0.046640345000000
398.15	    0.000000000000000	    0.000000000000000	   15.634349866973528	    0.045595040227847	   15.634350000000000	    0.045595040000000
400.00	    0.000000000000000	    0.000000000000000	   15.663750279964194	    0.046466465115278	   15.663750000000000	    0.046466465000000
423.15	    0.000000000000000	    0.000000000000000	   15.898801865780460	    0.045735788956092	   15.898802000000000	    0.045735789000000
450.00	    0.000000000000000	    0.000000000000000	   15.942221097171133	    0.045198163929781	   15.942221000000000	    0.045198164000000
500.00	    0.000000000000000	    0.000000000000000	   16.215532903734417	    0.042952526730710	   16.215533000000001	    0.042952527000000
550.00	    0.000000000000000	    0.000000000000000	   16.279012689656312	    0.041457763278116	   16.279012999999999	    0.041457763000000
600.00	    0.000000000000000	    0.000000000000000	   16.328086177498381	    0.038051643851445	   16.328085999999999	    0.038051644000000
700.00	    0.000000000000000	    0.000000000000000	   16.321204509105350	    0.035447471041906	   16.321204999999999	    0.035447471000000
800.00	    0.000000000000000	    0.000000000000000	   16.342025007291248	    0.034615883888501	   16.342025000000000	    0.034615884000000
900.00	    0.000000000000000	    0.000000000000000	   16.060597850393872	    0.032828531303071	   16.060597999999999	    0.032828531000000
1000.00	    0.000000000000000	    0.000000000000000	   15.857966402588769	    0.030814926990498	   15.857965999999999	    0.030814927000000
1200.00	    0.000000000000000	    0.000000000000000	   15.556256703819074	    0.029524831837535	   15.556257000000000	    0.029524832000000
1500.00	    0.000000000000000	    0.000000000000000	   14.951512911170481	    0.027514670219742	   14.951513000000000	    0.027514670000000
2000.00	    0.000000000000000	    0.000000000000000	   14.124256576800786	    0.025272801978780	   14.124257000000000	    0.025272802000000
