temperature	 b3scb8a	 b3scb8na	 b3scb8tot
Temperature(\si{\kelvin})	 B$^\text{A}_3$(\si{cm^6/mol^2})	 B$^\text{NA}_3$(\si{cm^6/mol^2})	 B$^\text{Tot}_3$(\si{cm^6/mol^2})
50.00	 -3.705(16)$\times10^5$	 4.22(4)$\times10^4$	 -3.282(16)$\times10^5$
55.00	 -1.759(7)$\times10^5$	 2.28(2)$\times10^4$	 -1.532(8)$\times10^5$
60.00	 -8.97(4)$\times10^4$	 1.397(13)$\times10^4$	 -7.57(4)$\times10^4$
65.00	 -4.79(2)$\times10^4$	 9.35(9)$\times10^3$	 -3.86(3)$\times10^4$
70.00	 -2.613(14)$\times10^4$	 6.56(6)$\times10^3$	 -1.957(15)$\times10^4$
75.00	 -1.428(9)$\times10^4$	 4.76(5)$\times10^3$	 -9.52(10)$\times10^3$
80.00	 -7.62(6)$\times10^3$	 3.68(4)$\times10^3$	 -3.94(7)$\times10^3$
85.00	 -3.63(4)$\times10^3$	 2.93(3)$\times10^3$	 -7.0(5)$\times10^2$
90.00	 -1.26(3)$\times10^3$	 2.38(2)$\times10^3$	 1.12(4)$\times10^3$
95.00	 2.0(2)$\times10^2$	 1.99(2)$\times10^3$	 2.19(3)$\times10^3$
100.00	 1.102(19)$\times10^3$	 1.694(18)$\times10^3$	 2.80(3)$\times10^3$
110.00	 1.963(12)$\times10^3$	 1.272(13)$\times10^3$	 3.235(18)$\times10^3$
120.00	 2188(9)	 1.001(10)$\times10^3$	 3.189(14)$\times10^3$
130.00	 2211(7)	 812(9)	 3.023(11)$\times10^3$
140.00	 2124(5)	 684(8)	 2808(9)
150.00	 2013(4)	 576(7)	 2590(8)
160.00	 1905(4)	 506(6)	 2411(7)
170.00	 1797(3)	 459(5)	 2256(6)
180.00	 1698(3)	 409(5)	 2107(6)
190.00	 1618(3)	 374(4)	 1992(5)
200.00	 1541(2)	 338(4)	 1879(5)
210.00	 1480(2)	 315(4)	 1795(4)
220.00	 1424(2)	 281(3)	 1705(4)
230.00	 1379(2)	 268(3)	 1647(4)
240.00	 1339.0(19)	 250(3)	 1589(4)
250.00	 1305.0(18)	 237(3)	 1542(3)
260.00	 1277.2(17)	 217(3)	 1494(3)
270.00	 1249.3(17)	 205(2)	 1455(3)
280.00	 1229.9(16)	 197(2)	 1427(3)
290.00	 1209.9(16)	 186(2)	 1395(3)
300.00	 1198.2(16)	 178(2)	 1376(3)
310.00	 1182.6(15)	 172(2)	 1354(3)
320.00	 1171.6(15)	 162.6(19)	 1334(2)
330.00	 1157.8(14)	 155.7(18)	 1313(2)
340.00	 1148.6(14)	 147.4(18)	 1296(2)
350.00	 1139.6(14)	 143.6(16)	 1283(2)
360.00	 1131.3(14)	 138.3(16)	 1270(2)
370.00	 1128.4(13)	 135.3(17)	 1264(2)
380.00	 1119.3(14)	 127.8(15)	 1247(2)
390.00	 1113.4(14)	 125.0(15)	 1238(2)
400.00	 1111.3(13)	 119.9(14)	 1231.2(19)
410.00	 1105.3(13)	 118.8(14)	 1224.1(19)
420.00	 1102.2(12)	 113.3(13)	 1215.6(18)
430.00	 1098.7(13)	 110.8(14)	 1209.5(19)
440.00	 1095.1(13)	 107.6(13)	 1202.7(18)
450.00	 1092.4(13)	 105.9(12)	 1198.4(17)
460.00	 1090.2(13)	 102.6(12)	 1192.9(18)
470.00	 1087.0(13)	 100.7(12)	 1187.7(18)
480.00	 1082.3(12)	 98.6(12)	 1180.9(17)
490.00	 1082.3(13)	 95.8(12)	 1178.1(17)
500.00	 1082.1(12)	 94.2(12)	 1176.2(17)
520.00	 1075.1(12)	 87.6(10)	 1162.7(15)
540.00	 1072.0(12)	 86.7(10)	 1158.7(16)
560.00	 1068.9(13)	 81.4(9)	 1150.4(16)
580.00	 1066.4(12)	 77.6(9)	 1143.9(15)
600.00	 1062.0(12)	 75.5(9)	 1137.5(15)
620.00	 1059.7(12)	 72.2(8)	 1131.9(15)
640.00	 1053.8(12)	 71.0(8)	 1124.8(14)
660.00	 1055.0(12)	 69.7(8)	 1124.7(14)
680.00	 1052.5(12)	 65.9(7)	 1118.4(14)
700.00	 1045.8(11)	 64.7(8)	 1110.6(14)
720.00	 1042.8(12)	 62.2(7)	 1105.0(14)
740.00	 1041.5(12)	 61.4(7)	 1102.9(14)
760.00	 1038.1(12)	 59.4(7)	 1097.5(13)
780.00	 1034.2(11)	 57.1(6)	 1091.3(13)
800.00	 1029.9(11)	 56.2(6)	 1086.1(13)
820.00	 1028.4(11)	 54.8(6)	 1083.2(13)
840.00	 1026.7(12)	 53.4(6)	 1080.1(13)
860.00	 1021.5(12)	 53.5(7)	 1075.0(13)
880.00	 1019.8(11)	 51.3(5)	 1071.1(13)
900.00	 1018.4(11)	 50.3(6)	 1068.7(12)
920.00	 1011.8(11)	 48.9(5)	 1060.7(12)
940.00	 1007.9(11)	 47.2(5)	 1055.1(12)
960.00	 1008.2(11)	 45.8(5)	 1054.0(12)
980.00	 1003.5(11)	 46.3(5)	 1049.7(12)
1000.00	 1001.1(11)	 44.6(5)	 1045.7(12)
1050.00	 992.1(11)	 43.4(5)	 1035.5(12)
1100.00	 982.3(11)	 41.5(4)	 1023.8(12)
1150.00	 976.7(11)	 39.9(4)	 1016.6(12)
1200.00	 970.8(11)	 37.6(4)	 1008.4(11)
1250.00	 959.7(11)	 36.2(4)	 995.8(11)
1300.00	 952.4(10)	 35.5(4)	 987.9(11)
1350.00	 945.1(10)	 34.1(3)	 979.2(11)
1400.00	 940.0(10)	 33.5(3)	 973.5(11)
1450.00	 930.6(10)	 32.0(3)	 962.6(11)
1500.00	 924.6(10)	 31.3(3)	 955.9(11)
1600.00	 908.0(10)	 29.2(3)	 937.2(10)
1700.00	 895.3(10)	 27.7(3)	 923.0(10)
1800.00	 879.9(10)	 26.7(3)	 906.6(10)
1900.00	 867.6(10)	 25.7(2)	 893.3(10)
2000.00	 856.0(10)	 24.0(2)	 879.9(10)
2200.00	 831.2(9)	 22.3(2)	 853.4(9)
2400.00	 808.2(9)	 20.54(18)	 828.7(10)
2600.00	 786.0(9)	 19.44(17)	 805.5(9)
2800.00	 768.1(9)	 18.04(15)	 786.2(9)
3000.00	 747.2(8)	 17.33(16)	 764.5(8)
