temperature	 b2cb8	 b2cb16	 b2cb32	 b2cb64
Temperature(\si{\kelvin})	 $\text{B}^{8}_2$(\si{cm^3/mol})	 $\text{B}^{16}_2$(\si{cm^3/mol})	 $\text{B}^{32}_2$(\si{cm^3/mol})	 $\text{B}^{64}_2$(\si{cm^3/mol})
50.00	 -646.6(5)	 -646.8(5)	 -646.0(6)	 -645.5(6)
55.00	 -522.6(5)	 -521.1(5)	 -522.5(4)	 -522.2(4)
60.00	 -433.9(4)	 -433.7(4)	 -433.9(4)	 -434.0(4)
65.00	 -368.3(3)	 -368.0(3)	 -367.6(3)	 -367.4(3)
70.00	 -317.1(3)	 -317.9(3)	 -317.3(3)	 -317.6(3)
75.00	 -277.4(2)	 -277.1(2)	 -277.0(2)	 -277.6(2)
80.00	 -245.12(19)	 -245.08(19)	 -245.0(2)	 -244.97(19)
85.00	 -218.00(18)	 -218.32(17)	 -218.02(18)	 -217.94(17)
90.00	 -195.96(16)	 -195.76(16)	 -195.75(16)	 -195.83(16)
95.00	 -176.73(14)	 -176.86(14)	 -176.69(14)	 -177.03(14)
100.00	 -160.60(14)	 -160.31(13)	 -160.35(13)	 -160.47(13)
110.00	 -133.84(11)	 -133.80(12)	 -133.72(11)	 -134.07(12)
120.00	 -112.99(11)	 -112.99(10)	 -113.17(11)	 -113.05(10)
130.00	 -96.54(10)	 -96.54(9)	 -96.56(10)	 -96.54(9)
140.00	 -83.12(9)	 -82.92(9)	 -83.10(9)	 -83.06(9)
150.00	 -71.72(8)	 -71.86(8)	 -71.75(8)	 -71.47(8)
160.00	 -62.23(8)	 -62.26(8)	 -62.27(8)	 -62.27(8)
170.00	 -54.15(7)	 -54.23(7)	 -54.27(7)	 -54.00(7)
180.00	 -47.34(7)	 -47.02(7)	 -47.04(7)	 -47.15(7)
190.00	 -40.92(7)	 -41.11(7)	 -41.00(7)	 -41.06(7)
200.00	 -35.63(7)	 -35.62(6)	 -35.75(6)	 -35.64(6)
210.00	 -30.95(6)	 -31.00(6)	 -30.95(6)	 -30.97(6)
220.00	 -26.68(6)	 -26.72(6)	 -26.78(6)	 -26.59(6)
230.00	 -22.86(6)	 -22.88(6)	 -22.83(6)	 -22.96(6)
240.00	 -19.60(6)	 -19.44(6)	 -19.43(6)	 -19.50(6)
250.00	 -16.43(6)	 -16.50(5)	 -16.44(5)	 -16.39(6)
260.00	 -13.66(5)	 -13.55(5)	 -13.58(5)	 -13.55(5)
270.00	 -10.99(5)	 -11.03(5)	 -10.96(5)	 -11.07(5)
280.00	 -8.64(5)	 -8.72(5)	 -8.51(5)	 -8.66(5)
290.00	 -6.52(5)	 -6.42(5)	 -6.52(5)	 -6.45(5)
300.00	 -4.52(5)	 -4.56(5)	 -4.50(5)	 -4.50(5)
310.00	 -2.71(5)	 -2.70(5)	 -2.63(5)	 -2.68(5)
320.00	 -1.07(5)	 -1.00(5)	 -0.94(5)	 -0.96(5)
330.00	 0.61(5)	 0.67(5)	 0.60(5)	 0.63(5)
340.00	 2.11(4)	 2.11(4)	 2.11(4)	 2.12(5)
350.00	 3.47(4)	 3.55(5)	 3.40(4)	 3.47(4)
360.00	 4.79(4)	 4.80(4)	 4.73(4)	 4.73(4)
370.00	 5.98(4)	 5.98(4)	 5.99(4)	 5.98(4)
380.00	 7.15(4)	 7.14(4)	 7.15(4)	 7.14(4)
390.00	 8.15(4)	 8.17(4)	 8.21(4)	 8.14(4)
400.00	 9.11(4)	 9.11(4)	 9.22(4)	 9.18(4)
410.00	 10.11(4)	 10.07(4)	 10.07(4)	 10.02(4)
420.00	 11.03(4)	 11.05(4)	 11.01(4)	 11.03(4)
430.00	 11.86(4)	 11.75(4)	 11.86(4)	 11.85(4)
440.00	 12.56(4)	 12.63(4)	 12.62(4)	 12.69(4)
450.00	 13.31(4)	 13.38(4)	 13.39(4)	 13.40(4)
460.00	 14.10(4)	 14.11(4)	 14.04(4)	 14.09(4)
470.00	 14.78(4)	 14.77(4)	 14.69(4)	 14.77(4)
480.00	 15.39(4)	 15.45(4)	 15.38(4)	 15.42(4)
490.00	 16.01(4)	 16.04(4)	 15.97(4)	 16.02(4)
500.00	 16.58(4)	 16.57(4)	 16.61(4)	 16.49(4)
520.00	 17.70(4)	 17.73(4)	 17.67(4)	 17.68(4)
540.00	 18.70(4)	 18.68(4)	 18.69(4)	 18.67(4)
560.00	 19.57(4)	 19.60(4)	 19.54(4)	 19.64(4)
580.00	 20.38(4)	 20.44(4)	 20.41(4)	 20.45(4)
600.00	 21.19(4)	 21.10(4)	 21.19(4)	 21.18(4)
620.00	 21.84(3)	 21.85(4)	 21.82(4)	 21.90(4)
640.00	 22.48(4)	 22.58(4)	 22.50(4)	 22.53(4)
660.00	 23.14(4)	 23.09(4)	 23.09(3)	 23.09(4)
680.00	 23.73(3)	 23.65(3)	 23.64(4)	 23.61(3)
700.00	 24.18(3)	 24.19(3)	 24.19(4)	 24.20(3)
720.00	 24.66(3)	 24.62(4)	 24.65(3)	 24.63(3)
740.00	 25.11(3)	 25.13(3)	 25.13(3)	 25.13(3)
760.00	 25.53(3)	 25.51(3)	 25.55(3)	 25.57(4)
780.00	 25.92(3)	 25.91(3)	 25.92(3)	 25.96(3)
800.00	 26.33(3)	 26.27(3)	 26.27(3)	 26.31(3)
820.00	 26.60(3)	 26.60(3)	 26.62(3)	 26.59(3)
840.00	 26.89(3)	 26.91(3)	 26.90(3)	 26.91(3)
860.00	 27.23(3)	 27.21(3)	 27.27(3)	 27.18(3)
880.00	 27.51(3)	 27.55(3)	 27.55(3)	 27.47(3)
900.00	 27.73(3)	 27.73(3)	 27.76(3)	 27.80(3)
920.00	 27.97(3)	 27.96(3)	 28.04(3)	 28.06(3)
940.00	 28.32(3)	 28.20(3)	 28.22(3)	 28.27(3)
960.00	 28.41(3)	 28.44(3)	 28.43(3)	 28.42(3)
980.00	 28.60(3)	 28.66(3)	 28.67(3)	 28.69(3)
1000.00	 28.92(3)	 28.83(3)	 28.86(3)	 28.88(3)
1050.00	 29.26(3)	 29.34(3)	 29.27(3)	 29.29(3)
1100.00	 29.68(3)	 29.64(3)	 29.68(3)	 29.62(3)
1150.00	 30.03(3)	 30.00(3)	 30.03(3)	 29.98(3)
1200.00	 30.28(3)	 30.28(3)	 30.27(3)	 30.29(3)
1250.00	 30.51(3)	 30.51(3)	 30.56(3)	 30.51(3)
1300.00	 30.69(3)	 30.78(3)	 30.73(3)	 30.72(3)
1350.00	 30.93(3)	 30.90(3)	 30.96(3)	 30.92(3)
1400.00	 31.10(3)	 31.07(3)	 31.15(3)	 31.06(3)
1450.00	 31.26(3)	 31.21(3)	 31.24(3)	 31.24(3)
1500.00	 31.33(3)	 31.40(3)	 31.33(3)	 31.32(3)
1600.00	 31.54(3)	 31.56(3)	 31.57(3)	 31.55(3)
1700.00	 31.72(3)	 31.69(3)	 31.69(3)	 31.69(3)
1800.00	 31.76(3)	 31.77(3)	 31.77(3)	 31.85(3)
1900.00	 31.85(2)	 31.87(3)	 31.84(3)	 31.90(3)
2000.00	 31.89(3)	 31.90(3)	 31.92(3)	 31.93(3)
2200.00	 31.88(3)	 31.87(2)	 31.91(2)	 31.94(3)
2400.00	 31.88(2)	 31.85(2)	 31.85(2)	 31.87(2)
2600.00	 31.76(2)	 31.77(2)	 31.72(2)	 31.76(2)
2800.00	 31.65(2)	 31.67(2)	 31.63(2)	 31.68(2)
3000.00	 31.50(2)	 31.51(2)	 31.51(2)	 31.52(2)
